cameraMatrix:742.747,0,366.173,0,757.957,221.843,0,0,1|
distCoeffs:0.087433,-1.17067,0.00263312,-0.0187045,3.82232|
