cameraMatrix:3012.14,0,234.551,0,1401.47,281.496,0,0,1|
distCoeffs:-7.26596,-52.5806,0.0777269,-0.425275,10570.2|
